3 26 3 
0.085631672597865 0.013734430604982 0.031528024911032 0.041870551601423 0.126278914590747 0.031027580071174 0.022575622775801 0.047709074733096 0.07178603202847 0.002279804270463 0.005560498220641 0.048209519572954 0.028636565836299 0.064056939501779 0.082406583629893 0.02057384341637 0.000333629893238 0.067893683274021 0.057717971530249 0.085075622775801 0.021908362989324 0.016014234875445 0.011232206405694 0.002224199288256 0.012288701067616 0.001445729537367  
1 0 0
 
0.073284218689414 0.009801387273276 0.042415234156219 0.038774718883288 0.145814484511654 0.010016802378183 0.010081426909655 0.007625694713713 0.076730860367929 0.002218775580544 0.000710869846194 0.061565636982465 0.043255353065357 0.078324932144242 0.060100814269097 0.026754556029469 0.006268579552798 0.06410753522037 0.085433630606178 0.076041532032226 0.058355951919349 0.01445435353927 0.000387747188833 0.004265219077162 0.002606522769377 0.00060316229374  
0 1 0
 
0.128309071924329 0.014341870892451 0.0468030219274 0.048430686075794 0.127694859038143 0.008834428679647 0.017136539524599 0.008824191798211 0.069702925700715 0.002200929508834 0.001167004483754 0.069498188071986 0.026626128616178 0.079919333374281 0.084095981000348 0.027997870728661 0.003982146878775 0.054501156767602 0.076715189484675 0.044602092418566 0.034283315930635 0.009131298241304 0.001371742112483 0.002815142395021 0.007995004401859 0.00301988002375  
0 0 1
 
